0.78 656.45 1118.84 12 7.3 6406.88 4.1
0.78 656.45 1118.84 12 7.3 6406.88 4.1
0.78 656.45 1118.84 12 7.3 6406.88 4.1
0.78 656.45 1118.84 12 7.3 6406.88 4.1
0.78 656.45 1118.84 12 7.3 6406.88 4.1
0.78 656.45 1118.84 12 7.3 6406.88 4.1
0.78 656.45 1118.84 12 7.3 6406.88 4.1
0.78 656.45 1118.84 12 7.3 6406.88 4.1
0.78 656.45 1118.84 12 7.3 6406.88 4.1
0.78 656.45 1118.84 12 7.3 6406.88 4.1
0.78 656.45 1118.84 12 7.3 6406.88 4.1
0.78 656.45 1118.84 12 7.3 6406.88 4.1
0.78 656.45 1118.84 12 7.3 6406.88 4.1
0.78 656.45 1118.84 12 7.3 6406.88 4.1
0.78 656.45 1118.84 12 7.3 6406.88 4.1
0.78 656.45 1118.84 12 7.3 6406.88 4.1
0.78 656.45 1118.84 12 7.3 6406.88 4.1
0.78 656.45 1118.84 12 7.3 6406.88 4.1
0.78 656.45 1118.84 12 7.3 6406.88 4.1
0.78 656.45 1118.84 12 7.3 6406.88 4.1
0.78 656.45 1118.84 12 7.3 6406.88 4.1
